6.88
0
0
0
5.95
0
3.51
0
0
0
2.41
0
1.66
0
0
0
2.36
0
6.41
0
3.05
0
3.49
0
2.66
0
1.56
0
1.03
0
0.08
0
3.59
0
20.93
0
7.33
0
0
0
2.35
0
11.74
0
2.3
0
0.69
0
4.27
0
5.38
0
0
0
15.73
0
0
0
11.82
0
21.99
0
4.04
0
0
0
6.35
0
0.41
0
53.07
0
3.62
0
2.25
0
1.46
0
0.34
0
0
0
0.83
0
0
0
3.99
0
3.65
0
0
0
0
0
3.84
0
1.33
0
2.62
0
4.25
0
3.38
0
6.19
0
3.67
0
3.51
0
0
0
19.37
0
27.26
0
73.78
0
245.51
0
3.81
0
0.52
0
0.73
0
1.17
0
5.34
0
3.82
0
24.05
0
436.01
0
0
0
23.32
0
187.58
0
78.32
0
145.93
0
141.57
0
202.25
0
183.05
0
137.79
0
106.72
0
155.68
0
0
0
0
0
129.29
0
0
0
172.21
0
6.89
0
396.21
0
92.62
0
26.32
0
133.4
0
197.99
0
0
0
239.29
0
217.86
0
145.62
0
394.24
0
284.46
0
4.19
0
3.01
0
19.13
0
5.9
0
2.9
0
5.43
0
3.32
0
13.0
0
1.05
0
0
0
10.03
0
4.76
0
1.29
0
13.86
0
221.12
0
173.16
0
1.35
0
1.79
0
0
0
3.11
0
1.9
0
9.81
0
1.46
0
2.51
0
0
0
1.26
0
1.54
0
8.05
0
10.15
0
10.78
0
0
0
2.42
0
0
0
1.71
0
0.62
0
226.36
0
9.62
0
8.55
0
2.23
0
0
0
3.98
0
16.23
0
4.54
0
0.53
0
6.76
0
0.87
0
5.1
0
0
0
0
0
4.55
0
3.13
0
4.85
0
0.83
0
5.11
0
8.74
0
3.0
0
12.02
0
4.19
0
8.11
0
68.82
0
56.8
0
0.01
0
2.47
0
2.97
0
1.21
0
1.49
0
0
0
0
0
2.35
0
1.35
0
3.76
0
0
0
0
0
2.39
0
6.47
0
8.01
0
5.73
0
0.37
0
3.47
0
0
0
1.53
0
10.57
0
8.19
0
6.92
0
2.87
0
5.03
0
1.66
0
3.29
0
3.12
0
4.68
0
14.82
0
4.91
0
13.78
0
7.66
0
3.06
0
5.19
0
1.31
0
16.87
0
27.82
0
9.55
0
5.79
0
0
0
4.31
0
11.54
0
0
0
21.43
0
0
0
5.22
0
9.61
0
10.68
0
2.31
0
5.65
0
2.57
0
12.32
0
3.99
0
0
0
5.34
0
0
0
1.15
0
1.55
0
1.29
0
48.11
0
0
0
16.92
0
4.9
0
0
0
12.41
0
21.2
0
11.97
0
1.43
0
16.92
0
20.63
0
28.52
0
12.55
0
10.45
0
2.17
0
4.31
0
3.02
0
5.87
0
0.39
0
3.53
0
5.24
0
27.16
0
0
0
4.56
0
1.19
0
17.56
0
2.61
0
2.79
0
0.97
0
0.43
0
2.56
0
0
0
9.56
0
3.84
0
3.93
0
0
0
1.96
0
6.84
0
0.18
0
3.62
0
1.86
0
0
0
6.38
0
0
0
34.31
0
5.74
0
4.09
0
3.57
0
4.29
0
2.59
0
0
0
3.53
0
1.6
0
2.42
0
3.14
0
1.22
0
5.26
0
5.62
0
4.7
0
2.1
0
0.75
0
4.99
0
12.05
0
2.44
0
46.24
0
6.0
0
0
0
3.24
0
3.21
0
0
0
3.02
0
6.48
0
8.16
0
7.54
0
2.95
0
4.36
0
7.75
0
2.29
0
3.56
0
0.75
0
4.14
0
0
0
8.19
0
40.73
0
1.86
0
0
0
4.81
0
10.44
0
32.96
0
3.6
0
3.48
0
0.8
0
0
0
0
0
6.4
0
7.22
0
3.7
0
1.67
0
1.8
0
1.08
0
1.46
0
7.87
0
4.68
0
22.12
0
3.33
0
6.82
0
5.43
0
10.33
0
0
0
0
0
1.63
0
0.14
0
3.72
0
1.55
0
1.75
0
1.95
0
0
0
3.74
0
0
0
5.42
0
12.74
0
3.49
0
0
0
6.33
0
0.3
0
7.35
0
16.48
0
1.3
0
1.61
0
2.0
0
4.39
0
0
0
2.71
0
11.26
0
0.81
0
0
0
10.6
0
6.7
0
0.58
0
8.3
0
1.72
0
2.15
0
2.48
0
3.16
0
24.81
0
36.21
0
5.37
0
3.07
0
8.96
0
0
0
4.17
0
3.47
0
10.05
0
0.02
0
0.16
0
3.66
0
0.13
0
2.0
0
1.21
0
1.73
0
0
0
4.71
0
2.51
0
0
0
11.28
0
2.65
0
27.06
0
0
0
3.45
0
5.59
0
2.92
0
0
0
3.83
0
38.08
0
2.8
0
2.19
0
2.28
0
31.1
0
4.75
0
0
0
140.51
0
29.28
0
0
0
14.71
0
10.81
0
0.93
0
2.65
0
2.07
0
7.62
0
2.45
0
21.58
0
2.46
0
7.36
0
8.05
0
3.06
0
2.17
0
3.58
0
3.15
0
11.85
0
0
0
4.78
0
6.73
0
2.28
0
17.34
0
4.12
0
2.94
0
10.84
0
27.57
0
1.3
0
5.31
0
23.54
0
0
0
26.59
0
9.36
0
2.17
0
3.04
0
2.94
0
8.19
0
0
0
0
0
4.76
0
16.52
0
16.78
0
0
0
3.11
0
0
0
2.27
0
2.99
0
9.46
0
2.34
0
2.44
0
0
0
2.12
0
4.9
0
7.41
0
0
0
8.97
0
11.13
0
2.35
0
6.88
0
5.72
0
4.21
0
3.22
0
2.67
0
0
0
1.57
0
0
0
0.82
0
0
0
6.63
0
2.02
0
4.06
0
4.46
0
32.97
0
2.91
0
10.75
0
18.48
0
2.1
0
2.05
0
2.49
0
1.72
0
6.82
0
0
0
6.42
0
1.88
0
3.7
0
5.69
0
13.66
0
1.28
0
1.03
0
0
0
1.53
0
13.0
0
0.24
0
5.86
0
10.27
0
3.23
0
4.69
0
56.99
0
6.26
0
0
0
3.19
0
2.43
0
10.27
0
4.23
0
4.95
0
23.54
0
8.66
0
0
0
3.24
0
5.28
0
2.71
0
44.98
0
2.55
0
0.11
0
16.34
0
0
0
1.65
0
2.68
0
28.92
0
818.65
0
20.55
0
2.73
0
0.47
0
9.47
0
0
0
2.32
0
0.49
0
13.16
0
3.84
0
19.82
0
4.67
0
5.13
0
3.34
0
2.73
0
0.98
0
1.66
0
3.43
0
3.51
0
3.7
0
0
0
3.78
0
1.22
0
19.0
0
0
0
6.84
0
15.04
0
23.78
0
5.23
0
8.78
0
2.28
0
0
0
0.75
0
2.66
0
2.51
0
0
0
1.19
0
0
0
2.23
0
5.04
0
1.22
0
14.32
0
0.96
0
1.9
0
2.59
0
5.21
0
0.45
0
0
0
3.19
0
3.84
0
1.22
0
1.41
0
0
0
3.22
0
0
0
5.93
0
0.24
0
0.16
0
5.32
0
2.45
0
8.85
0
3.16
0
3.05
0
1.83
0
3.26
0
0
0
4.94
0
1.97
0
3.47
0
4.35
0
4.98
0
3.63
0
5.03
0
81.22
0
2.19
0
3.45
0
5.78
0
6.07
0
22.33
0
0.83
0
3.87
0
7.71
0
38.26
0
4.09
0
11.13
0
6.39
0
0
0
1.21
0
0
0
6.66
0
8.86
0
0
0
3.78
0
2.88
0
4.69
0
5.7
0
3.33
0
11.42
0
4.12
0
5.68
0
5.73
0
11.94
0
2.29
0
7.14
0
18.11
0
12.03
0
6.61
0
25.49
0
6.52
0
27.48
0
3.71
0
0
0
2.36
0
0.65
0
0
0
8.23
0
4.8
0
1.31
0
0
0
1.48
0
3.09
0
2.3
0
0.67
0
1.36
0
2.41
0
12.35
0
3.99
0
5.0
0
0
0
3.53
0
5.09
0
2.43
0
9.78
0
0.47
0
10.0
0
3.42
0
2.72
0
4.49
0
1.88
0
15.0
0
1.68
0
1.26
0
3.09
0
4.57
0
2.75
0
3.44
0
0
0
1.92
0
3.72
0
4.52
0
1.82
0
4.33
0
4.29
0
0.0
0
9.66
0
6.04
0
114.39
0
0
0
1.97
0
8.83
0
2.68
0
3.39
0
3.86
0
2.84
0
2.79
0
2.0
0
0.06
0
8.65
0
0
0
2.45
0
2.92
0
11.26
0
0
0
0
0
0
0
2.61
0
134.86
0
7.73
0
0
0
16.11
0
3.76
0
1.82
0
7.03
0
6.55
0
9.96
0
2.0
0
1.89
0
0
0
2.33
0
11.75
0
2.3
0
0
0
0
0
14.9
0
1.22
0
2.68
0
10.07
0
0
0
5.36
0
5.53
0
18.77
0
0
0
0.38
0
4.06
0
8.66
0
3.7
0
4.45
0
16.96
0
3.9
0
3.49
0
15.06
0
6.25
0
0.09
0
4.36
0
2.96
0
2.17
0
0.76
0
3.85
0
15.06
0
10.05
0
10.35
0
10.9
0
2.72
0
3.44
0
0.25
0
0
0
6.98
0
4.51
0
2.94
0
3.05
0
4.04
0
16.13
0
5.34
0
4.0
0
4.6
0
7.68
0
22.11
0
6.58
0
3.36
0
22.89
0
0
0
0.8
0
4.73
0
5.85
0
2.62
0
10.26
0
6.82
0
1.85
0
7.61
0
2.96
0
2.48
0
10.18
0
2.95
0
0
0
1.65
0
2.74
0
0.66
0
3.78
0
17.64
0
2.75
0
0
0
0
0
0
0
8.98
0
6.49
0
2.03
0
2.12
0
4.21
0
2.2
0
1.78
0
5.26
0
2.72
0
0
0
0
0
2.15
0
19.31
0
1.02
0
2.79
0
0
0
216.48
0
3.87
0
12.49
0
6.36
0
4.8
0
2.49
0
1.38
0
1.53
0
0.88
0
2.15
0
1.9
0
8.79
0
3.36
0
1.58
0
2.88
0
2.67
0
0.71
0
0.87
0
3.24
0
1.92
0
1.56
0
0
0
4.49
0
3.93
0
0.61
0
0.71
0
0.96
0
13.0
0
37.92
0
0
0
10.66
0
0.39
0
2.58
0
2.01
0
4.69
0
2.1
0
1.05
0
0
0
106.8
0
3.8
0
1.21
0
8.37
0
0
0
14.48
0
8.82
0
12.1
0
3.5
0
0
0
13.91
0
18.07
0
2.68
0
5.09
0
2.14
0
0
0
5.36
0
0
0
0.58
0
122.76
0
572.86
0
8.42
0
1.17
0
17.53
0
9.52
0
3.11
0
7.65
0
3.87
0
2.31
0
0
0
4.43
0
3.68
0
2.1
0
15.05
0
9.45
0
0.7
0
0
0
0
0
5.76
0
5.0
0
601.51
0
2.98
0
22.92
0
14.68
0
4.12
0
4.18
0
3.55
0
0
0
171.16
0
18.07
0
6.22
0
3.6
0
14.07
0
7.19
0
3.34
0
2.96
0
0
0
19.08
0
5.89
0
23.94
0
0.58
0
2.92
0
5.64
0
2.11
0
3.57
0
2.96
0
0.39
0
13.31
0
0
0
5.42
0
4.94
0
2.6
0
2.06
0
3.6
0
0.42
0
4.97
0
16.79
0
3.8
0
4.45
0
0
0
10.7
0
9.01
0
0.32
0
23.63
0
1.35
0
0.83
0
0
0
13.06
0
11.35
0
2.41
0
5.53
0
0.48
0
3.89
0
2.48
0
5.89
0
3.35
0
1.29
0
0
0
24.07
0
14.11
0
0
0
5.06
0
9.17
0
1.86
0
10.17
0
5.33
0
2.13
0
4.73
0
8.51
0
16.43
0
6.86
0
3.41
0
3.03
0
0.52
0
4.53
0
1.54
0
5.15
0
0.01
0
2.87
0
4.12
0
3.02
0
6.97
0
6.5
0
1.36
0
3.06
0
2.86
0
76.05
0
6.31
0
0
0
0
0
2.7
0
2.41
0
8.97
0
1.62
0
4.35
0
9.03
0
5.17
0
3.41
0
32.35
0
0.91
0
4.92
0
24.2
0
3.62
0
2.08
0
3.84
0
32.55
0
463.46
0
0.37
0
38.88
0
0
0
2.71
0
4.64
0
1.93
0
22.1
0
0.83
0
2.26
0
21.27
0
2.33
0
10.59
0
16.97
0
1.8
0
20.27
0
5.46
0
11.59
0
8.36
0
8.46
0
7.59
0
1.71
0
0
0
1.52
0
5.04
0
1.12
0
2.85
0
3.53
0
3.16
0
3.05
0
3.65
0
6.6
0
4.52
0
2.21
0
19.91
0
2.45
0
0
0
3.1
0
6.66
0
2.85
0
7.91
0
1.34
0
3.9
0
1.97
0
0
0
15.92
0
3.8
0
6.24
0
8.22
0
4.1
0
3.75
0
3.1
0
4.34
0
3.34
0
0
0
32.35
0
2.37
0
6.45
0
1.5
0
8.64
0
0
0
3.12
0
6.98
0
1.42
0
7.12
0
1.9
0
26.01
0
6.5
0
0.31
0
4.87
0
3.73
0
2.63
0
29.62
0
2.2
0
15.02
0
0
0
8.43
0
4.98
0
5.1
0
11.16
0
3.8
0
15.79
0
2.98
0
1.77
0
6.61
0
0.05
0
3.85
0
12.25
0
173.68
0
11.31
0
3.73
0
11.97
0
15.52
0
11.13
0
20.23
0
118.55
0
1.69
0
3.87
0
1.65
0
14.17
0
115.16
0
30.34
0
0
0
9.44
0
401.09
0
76.29
0
26.07
0
6.05
0
0
0
5.97
0
9.01
0
6.17
0
1.72
0
1.65
0
7.61
0
2.82
0
3.5
0
0
0
3.55
0
0
0
0
0
33.56
0
0
0
13.69
0
5.52
0
5.0
0
6.52
0
9.92
0
4.98
0
3.26
0
18.22
0
0
0
0
0
0
0
0
0
9.15
0
0
0
17.51
0
5.98
0
21.0
0
6.48
0
0
0
1.24
0
3.68
0
30.16
0
0
0
1.05
0
9.98
0
2.11
0
1.6
0
1.8
0
1.29
0
1.29
0
1.52
0
3.04
0
2.93
0
0.84
0
2.05
0
2.67
0
3.63
0
3.08
0
3.21
0
1.92
0
1.22
0
0
0
2.39
0
0
0
0
0
3.18
0
1.79
0
3.07
0
3.04
0
0
0
0
0
0
0
4.17
0
10.32
0
3.26
0
0
0
1.77
0
6.58
0
0
0
7.31
0
2.6
0
1.5
0
11.66
0
10.21
0
10.71
0
2.32
0
3.99
0
7.83
0
0.38
0
3.61
0
1.64
0
0
0
11.74
0
5.95
0
8.85
0
0.11
0
9.67
0
2.55
0
0
0
0
0
0.76
0
1.92
0
0
0
0
0
52.05
0
13.73
0
2.21
0
1.65
0
6.94
0
15.67
0
24.51
0
7.63
0
9.73
0
20.95
0
48.03
0
4.02
0
3.47
0
0
0
1.32
0
4.06
0
3.57
0
61.93
0
1.88
0
2.55
0
0.21
0
2.45
0
2.91
0
18.47
0
2.26
0
2.28
0
0.9
0
0.88
0
3.75
0
8.95
0
74.63
0
3.63
0
0.49
0
0
0
0
0
0
0
13.43
0
4.83
0
0
0
0
0
2.61
0
29.27
0
12.66
0
15.65
0
0.89
0
0
0
68.37
0
2.05
0
6.3
0
21.73
0
31.67
0
15.67
0
0
0
64.42
0
60.61
0
49.32
0
90.83
0
154.07
0
3.31
0
0
0
5.32
0
2.22
0
5.12
0
0
0
0
0
0
0
3.36
0
19.45
0
15.47
0
11.18
0
1.0
0
0
0
4.85
0
2.55
0
0
0
8.07
0
39.73
0
27.63
0
2.99
0
1.09
0
1.23
0
4.64
0
1.83
0
8.29
0
19.33
0
2.06
0
19.05
0
9.59
0
25.13
0
2.31
0
4.01
0
0
0
5.0
0
3.12
0
4.51
0
7.8
0
7.18
0
12.89
0
0
0
5.85
0
33.91
0
0
0
2.92
0
0
0
6.04
0
0.26
0
2.73
0
8.28
0
5.06
0
8.24
0
5.96
0
8.95
0
2.49
0
3.4
0
4.12
0
3.3
0
9.06
0
0
0
0
0
2.43
0
0
0
4.66
0
0
0
3.13
0
4.48
0
4.01
0
4.74
0
0
0
3.09
0
1.55
0
0.36
0
1.67
0
0
0
4.84
0
3.31
0
0.01
0
3.96
0
6.7
0
1.95
0
0
0
1.32
0
8.62
0
2.37
0
24.66
0
2.85
0
9.78
0
0
0
14.83
0
2.27
0
10.56
0
0
0
0
0
5.64
0
226.81
0
0
0
259.47
0
573.03
0
0
0
5.3
0
0
0
13.81
0
41.08
0
5.1
0
0.16
0
3.02
0
5.59
0
0
0
276.93
0
0
0
116.41
0
569.35
0
0.02
0
1.25
0
3.48
0
4.14
0
10.59
0
1.87
0
75.88
0
0.37
0
0
0
5.78
0
1.96
0
5.17
0
8.31
0
0
0
10.7
0
1.65
0
4.03
0
55.11
0
0.94
0
0
0
13.36
0
17.54
0
0.99
0
2.03
0
0
0
4.84
0
8.45
0
32.02
0
7.98
0
3.57
0
0
0
4.61
0
32.39
0
4.56
0
2.31
0
8.91
0
13.01
0
5.13
0
0
0
116.32
0
12.59
0
3.98
0
0
0
0
0
134.15
0
0
0
57.03
0
320.58
0
6.99
0
0
0
40.52
0
3.62
0
5.32
0
4.03
0
5.06
0
6.0
0
0
0
20.48
0
13.25
0
0
0
4.97
0
3.34
0
8.28
0
6.1
0
0
0
3.83
0
1.54
0
14.55
0
2.36
0
2.69
0
2.54
0
0
0
7.9
0
6.33
0
10.0
0
9.08
0
0
0
1.55
0
0
0
5.32
0
12.83
0
53.85
0
1.34
0
8.14
0
4.18
0
12.22
0
3.38
0
3.93
0
2.55
0
2.8
0
2.53
0
4.92
0
2.63
0
13.2
0
3.6
0
4.94
0
1.55
0
6.57
0
0
0
67.38
0
0
0
0
0
0.29
0
46.21
0
37.2
0
102.06
0
191.98
0
2.93
0
2.58
0
0
0
5.26
0
1.13
0
0
0
8.59
0
20.85
0
173.18
0
3.53
0
0
0
7.01
0
